# Blender v2.93.6 OBJ File: ''
# www.blender.org
o Cube.003_Cube.079
v 0.790910 -0.336325 -2.463729
v 0.790910 0.336325 -2.463729
v 2.190351 -0.336325 -1.377630
v 2.190351 0.336325 -1.377630
v -2.190351 -0.336325 1.377630
v -2.190351 0.336325 1.377630
v -0.790910 -0.336325 2.463729
v -0.790910 0.336325 2.463729
vt 0.625000 0.000000
vt 0.375000 0.250000
vt 0.375000 0.000000
vt 0.625000 0.250000
vt 0.375000 0.500000
vt 0.625000 0.500000
vt 0.375000 0.750000
vt 0.625000 0.750000
vt 0.375000 1.000000
vt 0.125000 0.750000
vt 0.125000 0.500000
vt 0.875000 0.500000
vt 0.625000 1.000000
vt 0.875000 0.750000
vn 0.6131 0.0000 -0.7900
vn 0.7900 0.0000 0.6131
vn -0.6131 0.0000 0.7900
vn -0.7900 0.0000 -0.6131
vn 0.0000 -1.0000 -0.0000
vn 0.0000 1.0000 -0.0000
s off
f 2/1/1 3/2/1 1/3/1
f 4/4/2 7/5/2 3/2/2
f 8/6/3 5/7/3 7/5/3
f 6/8/4 1/9/4 5/7/4
f 7/5/5 1/10/5 3/11/5
f 4/12/6 6/8/6 8/6/6
f 2/1/1 4/4/1 3/2/1
f 4/4/2 8/6/2 7/5/2
f 8/6/3 6/8/3 5/7/3
f 6/8/4 2/13/4 1/9/4
f 7/5/5 5/7/5 1/10/5
f 4/12/6 2/14/6 6/8/6
o Cube.005_Cube.080
v -2.168779 0.319700 1.136592
v -2.168779 1.236878 1.136592
v -0.588797 0.319700 2.362808
v -0.588797 1.236878 2.362808
v -2.249803 0.319700 1.240992
v -2.249803 1.236878 1.240992
v -0.669821 0.319700 2.467208
v -0.669821 1.236878 2.467208
vt 0.625000 0.000000
vt 0.375000 0.250000
vt 0.375000 0.000000
vt 0.625000 0.250000
vt 0.375000 0.500000
vt 0.625000 0.500000
vt 0.375000 0.750000
vt 0.625000 0.750000
vt 0.375000 1.000000
vt 0.125000 0.750000
vt 0.125000 0.500000
vt 0.875000 0.500000
vt 0.625000 1.000000
vt 0.875000 0.750000
vn 0.6131 0.0000 -0.7900
vn 0.7900 0.0000 0.6131
vn -0.6131 0.0000 0.7900
vn -0.7900 0.0000 -0.6131
vn 0.0000 -1.0000 0.0000
vn 0.0000 1.0000 0.0000
s off
f 10/15/7 11/16/7 9/17/7
f 12/18/8 15/19/8 11/16/8
f 16/20/9 13/21/9 15/19/9
f 14/22/10 9/23/10 13/21/10
f 15/19/11 9/24/11 11/25/11
f 12/26/12 14/22/12 16/20/12
f 10/15/7 12/18/7 11/16/7
f 12/18/8 16/20/8 15/19/8
f 16/20/9 14/22/9 13/21/9
f 14/22/10 10/27/10 9/23/10
f 15/19/11 13/21/11 9/24/11
f 12/26/12 10/28/12 14/22/12
o Cube.006_Cube.081
v 0.661721 0.306990 -2.539608
v 0.661721 1.224168 -2.539608
v 2.241704 0.306990 -1.313392
v 2.241704 1.224168 -1.313392
v 0.580697 0.306990 -2.435208
v 0.580697 1.224168 -2.435208
v 2.160679 0.306990 -1.208992
v 2.160679 1.224168 -1.208992
vt 0.625000 0.000000
vt 0.375000 0.250000
vt 0.375000 0.000000
vt 0.625000 0.250000
vt 0.375000 0.500000
vt 0.625000 0.500000
vt 0.375000 0.750000
vt 0.625000 0.750000
vt 0.375000 1.000000
vt 0.125000 0.750000
vt 0.125000 0.500000
vt 0.875000 0.500000
vt 0.625000 1.000000
vt 0.875000 0.750000
vn 0.6131 0.0000 -0.7900
vn 0.7900 0.0000 0.6131
vn -0.6131 0.0000 0.7900
vn -0.7900 0.0000 -0.6131
vn 0.0000 -1.0000 0.0000
vn 0.0000 1.0000 0.0000
s off
f 18/29/13 19/30/13 17/31/13
f 20/32/14 23/33/14 19/30/14
f 24/34/15 21/35/15 23/33/15
f 22/36/16 17/37/16 21/35/16
f 23/33/17 17/38/17 19/39/17
f 20/40/18 22/36/18 24/34/18
f 18/29/13 20/32/13 19/30/13
f 20/32/14 24/34/14 23/33/14
f 24/34/15 22/36/15 21/35/15
f 22/36/16 18/41/16 17/37/16
f 23/33/17 21/35/17 17/38/17
f 20/40/18 18/42/18 22/36/18
o Cube.007_Cube.082
v 0.729254 0.917506 -2.491973
v 0.729254 1.245512 -2.491973
v 0.820457 0.917506 -2.421191
v 0.820457 1.245512 -2.421191
v -2.199857 0.917506 1.282191
v -2.199857 1.245512 1.282191
v -2.108654 0.917506 1.352973
v -2.108654 1.245512 1.352973
vt 0.625000 0.000000
vt 0.375000 0.250000
vt 0.375000 0.000000
vt 0.625000 0.250000
vt 0.375000 0.500000
vt 0.625000 0.500000
vt 0.375000 0.750000
vt 0.625000 0.750000
vt 0.375000 1.000000
vt 0.125000 0.750000
vt 0.125000 0.500000
vt 0.875000 0.500000
vt 0.625000 1.000000
vt 0.875000 0.750000
vn 0.6131 0.0000 -0.7900
vn 0.7900 0.0000 0.6131
vn -0.6131 0.0000 0.7900
vn -0.7900 0.0000 -0.6131
vn 0.0000 -1.0000 0.0000
vn 0.0000 1.0000 -0.0000
s off
f 26/43/19 27/44/19 25/45/19
f 28/46/20 31/47/20 27/44/20
f 32/48/21 29/49/21 31/47/21
f 30/50/22 25/51/22 29/49/22
f 31/47/23 25/52/23 27/53/23
f 28/54/24 30/50/24 32/48/24
f 26/43/19 28/46/19 27/44/19
f 28/46/20 32/48/20 31/47/20
f 32/48/21 30/50/21 29/49/21
f 30/50/22 26/55/22 25/51/22
f 31/47/23 29/49/23 25/52/23
f 28/54/24 26/56/24 30/50/24
o Cube.008_Cube.083
v 0.736002 0.317037 -2.335125
v 0.736002 0.645043 -2.335125
v 0.824918 0.317037 -2.266118
v 0.824918 0.645043 -2.266118
v -2.074118 0.317037 1.285718
v -2.074118 0.645043 1.285718
v -1.985202 0.317037 1.354725
v -1.985202 0.645043 1.354725
vt 0.625000 0.000000
vt 0.375000 0.250000
vt 0.375000 0.000000
vt 0.625000 0.250000
vt 0.375000 0.500000
vt 0.625000 0.500000
vt 0.375000 0.750000
vt 0.625000 0.750000
vt 0.375000 1.000000
vt 0.125000 0.750000
vt 0.125000 0.500000
vt 0.875000 0.500000
vt 0.625000 1.000000
vt 0.875000 0.750000
vn 0.6131 0.0000 -0.7900
vn 0.7900 0.0000 0.6131
vn -0.6131 0.0000 0.7900
vn -0.7900 0.0000 -0.6131
vn 0.0000 -1.0000 -0.0000
vn 0.0000 1.0000 -0.0000
s off
f 34/57/25 35/58/25 33/59/25
f 36/60/26 39/61/26 35/58/26
f 40/62/27 37/63/27 39/61/27
f 38/64/28 33/65/28 37/63/28
f 39/61/29 33/66/29 35/67/29
f 36/68/30 38/64/30 40/62/30
f 34/57/25 36/60/25 35/58/25
f 36/60/26 40/62/26 39/61/26
f 40/62/27 38/64/27 37/63/27
f 38/64/28 34/69/28 33/65/28
f 39/61/29 37/63/29 33/66/29
f 36/68/30 34/70/30 38/64/30
o Cube.009_Cube.084
v 2.034345 0.345954 -1.355660
v 1.735772 0.354786 -1.587382
v 2.036148 0.443584 -1.354262
v 1.737574 0.452416 -1.585983
v -0.775774 0.345954 2.265183
v -1.074348 0.354786 2.033462
v -0.773972 0.443584 2.266582
v -1.072546 0.452416 2.034860
vt 0.625000 0.000000
vt 0.375000 0.250000
vt 0.375000 0.000000
vt 0.625000 0.250000
vt 0.375000 0.500000
vt 0.625000 0.500000
vt 0.375000 0.750000
vt 0.625000 0.750000
vt 0.375000 1.000000
vt 0.125000 0.750000
vt 0.125000 0.500000
vt 0.875000 0.500000
vt 0.625000 1.000000
vt 0.875000 0.750000
vn 0.6131 -0.0000 -0.7900
vn 0.0185 0.9997 0.0143
vn -0.6131 0.0000 0.7900
vn -0.0185 -0.9997 -0.0143
vn 0.7898 -0.0234 0.6129
vn -0.7898 0.0234 -0.6129
s off
f 42/71/31 43/72/31 41/73/31
f 44/74/32 47/75/32 43/72/32
f 48/76/33 45/77/33 47/75/33
f 46/78/34 41/79/34 45/77/34
f 47/75/35 41/80/35 43/81/35
f 44/82/36 46/78/36 48/76/36
f 42/71/31 44/74/31 43/72/31
f 44/74/32 48/76/32 47/75/32
f 48/76/33 46/78/33 45/77/33
f 46/78/34 42/83/34 41/79/34
f 47/75/35 45/77/35 41/80/35
f 44/82/36 42/84/36 46/78/36
o Cube.010_Cube.085
v 2.190254 -0.047384 -1.391809
v 2.154462 0.278508 -1.419587
v 2.278117 -0.031922 -1.323619
v 2.242324 0.293970 -1.351397
v -0.774124 -0.047384 2.427797
v -0.809917 0.278508 2.400019
v -0.686262 -0.031922 2.495987
v -0.722054 0.293970 2.468209
vt 0.625000 0.000000
vt 0.375000 0.250000
vt 0.375000 0.000000
vt 0.625000 0.250000
vt 0.375000 0.500000
vt 0.625000 0.500000
vt 0.375000 0.750000
vt 0.625000 0.750000
vt 0.375000 1.000000
vt 0.125000 0.750000
vt 0.125000 0.500000
vt 0.875000 0.500000
vt 0.625000 1.000000
vt 0.875000 0.750000
vn 0.6131 0.0000 -0.7900
vn 0.7825 0.1377 0.6073
vn -0.6131 -0.0000 0.7900
vn -0.7825 -0.1377 -0.6073
vn 0.1088 -0.9905 0.0844
vn -0.1088 0.9905 -0.0844
s off
f 50/85/37 51/86/37 49/87/37
f 52/88/38 55/89/38 51/86/38
f 56/90/39 53/91/39 55/89/39
f 54/92/40 49/93/40 53/91/40
f 55/89/41 49/94/41 51/95/41
f 52/96/42 54/92/42 56/90/42
f 50/85/37 52/88/37 51/86/37
f 52/88/38 56/90/38 55/89/38
f 56/90/39 54/92/39 53/91/39
f 54/92/40 50/97/40 49/93/40
f 55/89/41 53/91/41 49/94/41
f 52/96/42 50/98/42 54/92/42
o Cube.011_Cube.086
v 1.242545 0.374334 -1.930060
v 0.943972 0.383166 -2.161782
v 1.244348 0.471964 -1.928661
v 0.945774 0.480796 -2.160383
v -1.567574 0.374334 1.690783
v -1.866148 0.383166 1.459062
v -1.565772 0.471964 1.692182
v -1.864345 0.480796 1.460460
vt 0.625000 0.000000
vt 0.375000 0.250000
vt 0.375000 0.000000
vt 0.625000 0.250000
vt 0.375000 0.500000
vt 0.625000 0.500000
vt 0.375000 0.750000
vt 0.625000 0.750000
vt 0.375000 1.000000
vt 0.125000 0.750000
vt 0.125000 0.500000
vt 0.875000 0.500000
vt 0.625000 1.000000
vt 0.875000 0.750000
vn 0.6131 -0.0000 -0.7900
vn 0.0185 0.9997 0.0143
vn -0.6131 0.0000 0.7900
vn -0.0185 -0.9997 -0.0143
vn 0.7898 -0.0234 0.6129
vn -0.7898 0.0234 -0.6129
s off
f 58/99/43 59/100/43 57/101/43
f 60/102/44 63/103/44 59/100/44
f 64/104/45 61/105/45 63/103/45
f 62/106/46 57/107/46 61/105/46
f 63/103/47 57/108/47 59/109/47
f 60/110/48 62/106/48 64/104/48
f 58/99/43 60/102/43 59/100/43
f 60/102/44 64/104/44 63/103/44
f 64/104/45 62/106/45 61/105/45
f 62/106/46 58/111/46 57/107/46
f 63/103/47 61/105/47 57/108/47
f 60/110/48 58/112/48 62/106/48
o Cube.012_Cube.087
v 1.647245 0.358762 -1.657960
v 1.348672 0.367594 -1.889682
v 1.649048 0.456392 -1.656561
v 1.350474 0.465224 -1.888283
v -1.162874 0.358762 1.962883
v -1.461448 0.367594 1.731161
v -1.161072 0.456392 1.964282
v -1.459646 0.465224 1.732560
vt 0.625000 0.000000
vt 0.375000 0.250000
vt 0.375000 0.000000
vt 0.625000 0.250000
vt 0.375000 0.500000
vt 0.625000 0.500000
vt 0.375000 0.750000
vt 0.625000 0.750000
vt 0.375000 1.000000
vt 0.125000 0.750000
vt 0.125000 0.500000
vt 0.875000 0.500000
vt 0.625000 1.000000
vt 0.875000 0.750000
vn 0.6131 -0.0000 -0.7900
vn 0.0185 0.9997 0.0143
vn -0.6131 0.0000 0.7900
vn -0.0185 -0.9997 -0.0143
vn 0.7898 -0.0234 0.6129
vn -0.7898 0.0234 -0.6129
s off
f 66/113/49 67/114/49 65/115/49
f 68/116/50 71/117/50 67/114/50
f 72/118/51 69/119/51 71/117/51
f 70/120/52 65/121/52 69/119/52
f 71/117/53 65/122/53 67/123/53
f 68/124/54 70/120/54 72/118/54
f 66/113/49 68/116/49 67/114/49
f 68/116/50 72/118/50 71/117/50
f 72/118/51 70/120/51 69/119/51
f 70/120/52 66/125/52 65/121/52
f 71/117/53 69/119/53 65/122/53
f 68/124/54 66/126/54 70/120/54
