# Blender v2.93.6 OBJ File: ''
# www.blender.org
o air_1.001_Cube.104
v -0.096195 1.253567 3.317222
v -0.386565 4.754603 3.315459
v -0.073794 1.255425 3.317358
v -0.364163 4.756461 3.315595
v -0.096837 1.253567 3.422785
v -0.387206 4.754603 3.421022
v -0.074435 1.255425 3.422921
v -0.364805 4.756461 3.421158
vt 0.625000 0.000000
vt 0.375000 0.250000
vt 0.375000 0.000000
vt 0.625000 0.250000
vt 0.375000 0.500000
vt 0.625000 0.500000
vt 0.375000 0.750000
vt 0.625000 0.750000
vt 0.375000 1.000000
vt 0.125000 0.750000
vt 0.125000 0.500000
vt 0.875000 0.500000
vt 0.625000 1.000000
vt 0.875000 0.750000
vn 0.0061 -0.0000 -1.0000
vn 0.9966 0.0827 0.0061
vn -0.0061 -0.0000 1.0000
vn -0.9966 -0.0827 -0.0061
vn 0.0827 -0.9966 0.0005
vn -0.0826 0.9966 -0.0005
s off
f 2/1/1 3/2/1 1/3/1
f 4/4/2 7/5/2 3/2/2
f 8/6/3 5/7/3 7/5/3
f 6/8/4 1/9/4 5/7/4
f 7/5/5 1/10/5 3/11/5
f 4/12/6 6/8/6 8/6/6
f 2/1/1 4/4/1 3/2/1
f 4/4/2 8/6/2 7/5/2
f 8/6/3 6/8/3 5/7/3
f 6/8/4 2/13/4 1/9/4
f 7/5/5 5/7/5 1/10/5
f 4/12/6 2/14/6 6/8/6
o air_2.001_Cube.103
v -0.081395 1.253567 0.880532
v -0.371765 4.754603 0.878769
v -0.058994 1.255425 0.880668
v -0.349363 4.756461 0.878905
v -0.082037 1.253567 0.986095
v -0.372406 4.754603 0.984332
v -0.059635 1.255425 0.986231
v -0.350005 4.756461 0.984468
vt 0.625000 0.000000
vt 0.375000 0.250000
vt 0.375000 0.000000
vt 0.625000 0.250000
vt 0.375000 0.500000
vt 0.625000 0.500000
vt 0.375000 0.750000
vt 0.625000 0.750000
vt 0.375000 1.000000
vt 0.125000 0.750000
vt 0.125000 0.500000
vt 0.875000 0.500000
vt 0.625000 1.000000
vt 0.875000 0.750000
vn 0.0061 0.0000 -1.0000
vn 0.9966 0.0827 0.0061
vn -0.0061 0.0000 1.0000
vn -0.9966 -0.0827 -0.0061
vn 0.0827 -0.9966 0.0005
vn -0.0826 0.9966 -0.0005
s off
f 10/15/7 11/16/7 9/17/7
f 12/18/8 15/19/8 11/16/8
f 16/20/9 13/21/9 15/19/9
f 14/22/10 9/23/10 13/21/10
f 15/19/11 9/24/11 11/25/11
f 12/26/12 14/22/12 16/20/12
f 10/15/7 12/18/7 11/16/7
f 12/18/8 16/20/8 15/19/8
f 16/20/9 14/22/9 13/21/9
f 14/22/10 10/27/10 9/23/10
f 15/19/11 13/21/11 9/24/11
f 12/26/12 10/28/12 14/22/12
o air_3.001_Cube.102
v -0.069195 1.253567 -1.132798
v -0.359565 4.754603 -1.134561
v -0.046794 1.255425 -1.132662
v -0.337163 4.756461 -1.134425
v -0.069837 1.253567 -1.027235
v -0.360206 4.754603 -1.028998
v -0.047435 1.255425 -1.027099
v -0.337805 4.756461 -1.028862
vt 0.625000 0.000000
vt 0.375000 0.250000
vt 0.375000 0.000000
vt 0.625000 0.250000
vt 0.375000 0.500000
vt 0.625000 0.500000
vt 0.375000 0.750000
vt 0.625000 0.750000
vt 0.375000 1.000000
vt 0.125000 0.750000
vt 0.125000 0.500000
vt 0.875000 0.500000
vt 0.625000 1.000000
vt 0.875000 0.750000
vn 0.0061 -0.0000 -1.0000
vn 0.9966 0.0827 0.0061
vn -0.0061 -0.0000 1.0000
vn -0.9966 -0.0827 -0.0061
vn 0.0827 -0.9966 0.0005
vn -0.0826 0.9966 -0.0005
s off
f 18/29/13 19/30/13 17/31/13
f 20/32/14 23/33/14 19/30/14
f 24/34/15 21/35/15 23/33/15
f 22/36/16 17/37/16 21/35/16
f 23/33/17 17/38/17 19/39/17
f 20/40/18 22/36/18 24/34/18
f 18/29/13 20/32/13 19/30/13
f 20/32/14 24/34/14 23/33/14
f 24/34/15 22/36/15 21/35/15
f 22/36/16 18/41/16 17/37/16
f 23/33/17 21/35/17 17/38/17
f 20/40/18 18/42/18 22/36/18
o air_4.001_Cube.101
v -0.055895 1.253567 -3.329198
v -0.346265 4.754603 -3.330961
v -0.033494 1.255425 -3.329062
v -0.323863 4.756461 -3.330825
v -0.056537 1.253567 -3.223635
v -0.346906 4.754603 -3.225398
v -0.034135 1.255425 -3.223499
v -0.324505 4.756461 -3.225262
vt 0.625000 0.000000
vt 0.375000 0.250000
vt 0.375000 0.000000
vt 0.625000 0.250000
vt 0.375000 0.500000
vt 0.625000 0.500000
vt 0.375000 0.750000
vt 0.625000 0.750000
vt 0.375000 1.000000
vt 0.125000 0.750000
vt 0.125000 0.500000
vt 0.875000 0.500000
vt 0.625000 1.000000
vt 0.875000 0.750000
vn 0.0060 -0.0000 -1.0000
vn 0.9966 0.0827 0.0061
vn -0.0061 -0.0000 1.0000
vn -0.9966 -0.0827 -0.0061
vn 0.0827 -0.9966 0.0005
vn -0.0826 0.9966 -0.0005
vn 0.0061 0.0000 -1.0000
s off
f 26/43/19 27/44/19 25/45/19
f 28/46/20 31/47/20 27/44/20
f 32/48/21 29/49/21 31/47/21
f 30/50/22 25/51/22 29/49/22
f 31/47/23 25/52/23 27/53/23
f 28/54/24 30/50/24 32/48/24
f 26/43/25 28/46/25 27/44/25
f 28/46/20 32/48/20 31/47/20
f 32/48/21 30/50/21 29/49/21
f 30/50/22 26/55/22 25/51/22
f 31/47/23 29/49/23 25/52/23
f 28/54/24 26/56/24 30/50/24
