# Blender v2.93.6 OBJ File: ''
# www.blender.org
o Cube.001_Cube.111
v -1.246129 -1.195911 0.948681
v -1.246129 0.615033 0.948681
v -0.977796 -1.195911 1.213462
v -0.977796 0.615033 1.213462
v -1.383344 -1.195911 1.087738
v -1.383344 0.615033 1.087738
v -1.115011 -1.195911 1.352519
v -1.115011 0.615033 1.352519
vt 0.625000 0.000000
vt 0.375000 0.250000
vt 0.375000 0.000000
vt 0.625000 0.250000
vt 0.375000 0.500000
vt 0.625000 0.500000
vt 0.375000 0.750000
vt 0.625000 0.750000
vt 0.375000 1.000000
vt 0.125000 0.750000
vt 0.125000 0.500000
vt 0.875000 0.500000
vt 0.625000 1.000000
vt 0.875000 0.750000
vn 0.7024 0.0000 -0.7118
vn 0.7118 0.0000 0.7024
vn -0.7024 0.0000 0.7118
vn -0.7118 0.0000 -0.7024
vn 0.0000 -1.0000 0.0000
vn 0.0000 1.0000 -0.0000
s off
f 2/1/1 3/2/1 1/3/1
f 4/4/2 7/5/2 3/2/2
f 8/6/3 5/7/3 7/5/3
f 6/8/4 1/9/4 5/7/4
f 7/5/5 1/10/5 3/11/5
f 4/12/6 6/8/6 8/6/6
f 2/1/1 4/4/1 3/2/1
f 4/4/2 8/6/2 7/5/2
f 8/6/3 6/8/3 5/7/3
f 6/8/4 2/13/4 1/9/4
f 7/5/5 5/7/5 1/10/5
f 4/12/6 2/14/6 6/8/6
o Cube.002_Cube.112
v -0.085216 -1.311650 -0.341524
v -0.048548 1.327381 -0.282893
v 0.275374 -1.326380 0.095975
v 0.312042 1.312651 0.154606
v -0.312042 -1.312651 -0.154606
v -0.275374 1.326380 -0.095975
v 0.048548 -1.327381 0.282893
v 0.085216 1.311650 0.341524
vt 0.625000 0.000000
vt 0.375000 0.250000
vt 0.375000 0.000000
vt 0.625000 0.250000
vt 0.375000 0.500000
vt 0.625000 0.500000
vt 0.375000 0.750000
vt 0.625000 0.750000
vt 0.375000 1.000000
vt 0.125000 0.750000
vt 0.125000 0.500000
vt 0.875000 0.500000
vt 0.625000 1.000000
vt 0.875000 0.750000
vn 0.7717 0.0034 -0.6359
vn 0.6358 -0.0260 0.7714
vn -0.7717 -0.0034 0.6359
vn -0.6358 0.0260 -0.7714
vn -0.0139 -0.9997 -0.0222
vn 0.0139 0.9997 0.0222
s off
f 10/15/7 11/16/7 9/17/7
f 12/18/8 15/19/8 11/16/8
f 16/20/9 13/21/9 15/19/9
f 14/22/10 9/23/10 13/21/10
f 15/19/11 9/24/11 11/25/11
f 12/26/12 14/22/12 16/20/12
f 10/15/7 12/18/7 11/16/7
f 12/18/8 16/20/8 15/19/8
f 16/20/9 14/22/9 13/21/9
f 14/22/10 10/27/10 9/23/10
f 15/19/11 13/21/11 9/24/11
f 12/26/12 10/28/12 14/22/12
o Cube.015_Cube.115
v 1.925074 2.507071 -0.998992
v 1.932892 3.356616 -0.992039
v 1.680215 2.511149 -1.221990
v 1.688033 3.360695 -1.215037
v 2.601347 2.506925 -1.741563
v 2.609164 3.356471 -1.734610
v 2.356488 2.511004 -1.964561
v 2.364306 3.360549 -1.957608
vt 0.625000 0.000000
vt 0.375000 0.250000
vt 0.375000 0.000000
vt 0.625000 0.250000
vt 0.375000 0.500000
vt 0.625000 0.500000
vt 0.375000 0.750000
vt 0.625000 0.750000
vt 0.375000 1.000000
vt 0.125000 0.750000
vt 0.125000 0.500000
vt 0.875000 0.500000
vt 0.625000 1.000000
vt 0.875000 0.750000
vn -0.6733 0.0001 0.7393
vn -0.7393 0.0123 -0.6733
vn 0.6733 -0.0001 -0.7393
vn 0.7393 -0.0123 0.6733
vn -0.0092 -0.9999 -0.0082
vn 0.0092 0.9999 0.0082
s off
f 18/29/13 19/30/13 17/31/13
f 20/32/14 23/33/14 19/30/14
f 24/34/15 21/35/15 23/33/15
f 22/36/16 17/37/16 21/35/16
f 23/33/17 17/38/17 19/39/17
f 20/40/18 22/36/18 24/34/18
f 18/29/13 20/32/13 19/30/13
f 20/32/14 24/34/14 23/33/14
f 24/34/15 22/36/15 21/35/15
f 22/36/16 18/41/16 17/37/16
f 23/33/17 21/35/17 17/38/17
f 20/40/18 18/42/18 22/36/18
o Cube.016_Cube.114
v 1.905383 -1.298778 -1.052825
v 1.975577 2.868761 -0.969166
v 0.937662 -1.264660 -1.940464
v 1.007856 2.902879 -1.856805
v 2.627724 -1.295139 -1.840195
v 2.697918 2.872400 -1.756536
v 1.660003 -1.261021 -2.727834
v 1.730197 2.906518 -2.644175
vt 0.625000 0.000000
vt 0.375000 0.250000
vt 0.375000 0.000000
vt 0.625000 0.250000
vt 0.375000 0.500000
vt 0.625000 0.500000
vt 0.375000 0.750000
vt 0.625000 0.750000
vt 0.375000 1.000000
vt 0.125000 0.750000
vt 0.125000 0.500000
vt 0.875000 0.500000
vt 0.625000 1.000000
vt 0.875000 0.750000
vn -0.6760 -0.0034 0.7369
vn -0.7367 0.0260 -0.6757
vn 0.6760 0.0034 -0.7369
vn 0.7367 -0.0260 0.6757
vn -0.0168 -0.9997 -0.0201
vn 0.0168 0.9997 0.0201
s off
f 26/43/19 27/44/19 25/45/19
f 28/46/20 31/47/20 27/44/20
f 32/48/21 29/49/21 31/47/21
f 30/50/22 25/51/22 29/49/22
f 31/47/23 25/52/23 27/53/23
f 28/54/24 30/50/24 32/48/24
f 26/43/19 28/46/19 27/44/19
f 28/46/20 32/48/20 31/47/20
f 32/48/21 30/50/21 29/49/21
f 30/50/22 26/55/22 25/51/22
f 31/47/23 29/49/23 25/52/23
f 28/54/24 26/56/24 30/50/24
o Cube.017_Cube.116
v 1.276674 2.562991 -1.627493
v 1.284492 3.412536 -1.620539
v 1.031815 2.567069 -1.850490
v 1.039633 3.416615 -1.843537
v 1.952947 2.562845 -2.370063
v 1.960765 3.412391 -2.363110
v 1.708088 2.566924 -2.593061
v 1.715906 3.416469 -2.586108
vt 0.625000 0.000000
vt 0.375000 0.250000
vt 0.375000 0.000000
vt 0.625000 0.250000
vt 0.375000 0.500000
vt 0.625000 0.500000
vt 0.375000 0.750000
vt 0.625000 0.750000
vt 0.375000 1.000000
vt 0.125000 0.750000
vt 0.125000 0.500000
vt 0.875000 0.500000
vt 0.625000 1.000000
vt 0.875000 0.750000
vn -0.6733 0.0001 0.7393
vn -0.7393 0.0123 -0.6733
vn 0.6733 -0.0001 -0.7393
vn 0.7393 -0.0123 0.6733
vn -0.0092 -0.9999 -0.0082
vn 0.0092 0.9999 0.0082
s off
f 34/57/25 35/58/25 33/59/25
f 36/60/26 39/61/26 35/58/26
f 40/62/27 37/63/27 39/61/27
f 38/64/28 33/65/28 37/63/28
f 39/61/29 33/66/29 35/67/29
f 36/68/30 38/64/30 40/62/30
f 34/57/25 36/60/25 35/58/25
f 36/60/26 40/62/26 39/61/26
f 40/62/27 38/64/27 37/63/27
f 38/64/28 34/69/28 33/65/28
f 39/61/29 37/63/29 33/66/29
f 36/68/30 34/70/30 38/64/30
o Cube.018_Cube.117
v 1.583068 2.928174 -1.164547
v 1.584422 2.794146 -1.164754
v 1.160294 2.924583 -1.605250
v 1.161648 2.790556 -1.605457
v 2.481532 2.938584 -2.026543
v 2.482886 2.804557 -2.026750
v 2.058758 2.934994 -2.467246
v 2.060112 2.800966 -2.467453
vt 0.625000 0.000000
vt 0.375000 0.000000
vt 0.375000 0.250000
vt 0.625000 0.250000
vt 0.375000 0.500000
vt 0.625000 0.500000
vt 0.375000 0.750000
vt 0.625000 0.750000
vt 0.375000 1.000000
vt 0.125000 0.500000
vt 0.125000 0.750000
vt 0.875000 0.500000
vt 0.625000 1.000000
vt 0.875000 0.750000
vn -0.7216 -0.0084 0.6923
vn -0.6923 -0.0059 -0.7216
vn 0.7216 0.0084 -0.6923
vn 0.6923 0.0059 0.7216
vn -0.0101 0.9999 0.0015
vn 0.0101 -0.9999 -0.0015
s off
f 42/71/31 41/72/31 43/73/31
f 44/74/32 43/73/32 47/75/32
f 48/76/33 47/75/33 45/77/33
f 46/78/34 45/77/34 41/79/34
f 47/75/35 43/80/35 41/81/35
f 44/82/36 48/76/36 46/78/36
f 42/71/31 43/73/31 44/74/31
f 44/74/32 47/75/32 48/76/32
f 48/76/33 45/77/33 46/78/33
f 46/78/34 41/79/34 42/83/34
f 47/75/35 41/81/35 45/77/35
f 44/82/36 46/78/36 42/84/36
o Cube.019_Cube.118
v 1.804856 -1.234474 -2.620609
v 1.934296 3.372175 -2.620609
v 1.755247 -1.233080 -2.663261
v 1.884686 3.373569 -2.663261
v 1.733494 -1.232469 -2.537539
v 1.862933 3.374180 -2.537539
v 1.683884 -1.231075 -2.580191
v 1.813324 3.375574 -2.580191
vt 0.625000 0.000000
vt 0.375000 0.000000
vt 0.375000 0.250000
vt 0.625000 0.250000
vt 0.375000 0.500000
vt 0.625000 0.500000
vt 0.375000 0.750000
vt 0.625000 0.750000
vt 0.375000 1.000000
vt 0.125000 0.500000
vt 0.125000 0.750000
vt 0.875000 0.500000
vt 0.625000 1.000000
vt 0.875000 0.750000
vn 0.6515 -0.0183 -0.7584
vn -0.7581 0.0213 -0.6518
vn -0.6515 0.0183 0.7584
vn 0.7581 -0.0213 0.6518
vn -0.0281 -0.9996 0.0000
vn 0.0281 0.9996 0.0000
s off
f 50/85/37 49/86/37 51/87/37
f 52/88/38 51/87/38 55/89/38
f 56/90/39 55/89/39 53/91/39
f 54/92/40 53/91/40 49/93/40
f 55/89/41 51/94/41 49/95/41
f 52/96/42 56/90/42 54/92/42
f 50/85/37 51/87/37 52/88/37
f 52/88/38 55/89/38 56/90/38
f 56/90/39 53/91/39 54/92/39
f 54/92/40 49/93/40 50/97/40
f 55/89/41 49/95/41 53/91/41
f 52/96/42 54/92/42 50/98/42
o Cube.020_Cube.119
v 2.532759 -1.232015 -1.934609
v 2.660192 3.303216 -1.934609
v 2.483150 -1.230621 -1.977260
v 2.610583 3.304610 -1.977260
v 2.461397 -1.230010 -1.851540
v 2.588830 3.305221 -1.851540
v 2.411788 -1.228616 -1.894191
v 2.539221 3.306615 -1.894191
vt 0.625000 0.000000
vt 0.375000 0.000000
vt 0.375000 0.250000
vt 0.625000 0.250000
vt 0.375000 0.500000
vt 0.625000 0.500000
vt 0.375000 0.750000
vt 0.625000 0.750000
vt 0.375000 1.000000
vt 0.125000 0.500000
vt 0.125000 0.750000
vt 0.875000 0.500000
vt 0.625000 1.000000
vt 0.875000 0.750000
vn 0.6515 -0.0183 -0.7584
vn -0.7581 0.0213 -0.6518
vn -0.6515 0.0183 0.7584
vn 0.7581 -0.0213 0.6518
vn -0.0281 -0.9996 0.0000
vn 0.0281 0.9996 0.0000
s off
f 58/99/43 57/100/43 59/101/43
f 60/102/44 59/101/44 63/103/44
f 64/104/45 63/103/45 61/105/45
f 62/106/46 61/105/46 57/107/46
f 63/103/47 59/108/47 57/109/47
f 60/110/48 64/104/48 62/106/48
f 58/99/43 59/101/43 60/102/43
f 60/102/44 63/103/44 64/104/44
f 64/104/45 61/105/45 62/106/45
f 62/106/46 57/107/46 58/111/46
f 63/103/47 57/109/47 61/105/47
f 60/110/48 62/106/48 58/112/48
