# Blender v2.93.6 OBJ File: ''
# www.blender.org
o Cube.021_Cube.120
v 1.620936 2.093128 -2.734707
v 1.620936 2.265792 -2.734707
v 2.041021 2.093128 -3.216148
v 2.041021 2.265792 -3.216148
v 2.507159 2.093128 -1.961426
v 2.507159 2.265792 -1.961426
v 2.927244 2.093128 -2.442866
v 2.927244 2.265792 -2.442866
vt 0.625000 0.000000
vt 0.375000 0.250000
vt 0.375000 0.000000
vt 0.625000 0.250000
vt 0.375000 0.500000
vt 0.625000 0.500000
vt 0.375000 0.750000
vt 0.625000 0.750000
vt 0.375000 1.000000
vt 0.125000 0.750000
vt 0.125000 0.500000
vt 0.875000 0.500000
vt 0.625000 1.000000
vt 0.875000 0.750000
vn -0.7535 0.0000 -0.6575
vn 0.6575 0.0000 -0.7535
vn 0.7535 0.0000 0.6575
vn -0.6575 0.0000 0.7535
vn 0.0000 -1.0000 -0.0000
vn 0.0000 1.0000 0.0000
s off
f 2/1/1 3/2/1 1/3/1
f 4/4/2 7/5/2 3/2/2
f 8/6/3 5/7/3 7/5/3
f 6/8/4 1/9/4 5/7/4
f 7/5/5 1/10/5 3/11/5
f 4/12/6 6/8/6 8/6/6
f 2/1/1 4/4/1 3/2/1
f 4/4/2 8/6/2 7/5/2
f 8/6/3 6/8/3 5/7/3
f 6/8/4 2/13/4 1/9/4
f 7/5/5 5/7/5 1/10/5
f 4/12/6 2/14/6 6/8/6
o Cube.023_Cube.121
v 1.794206 1.156058 -2.656183
v 1.794206 1.328722 -2.656183
v 2.222401 1.156058 -3.130426
v 2.222401 1.328722 -3.130426
v 2.667179 1.156058 -1.867974
v 2.667179 1.328722 -1.867974
v 3.095374 1.156058 -2.342217
v 3.095374 1.328722 -2.342217
vt 0.625000 0.000000
vt 0.375000 0.250000
vt 0.375000 0.000000
vt 0.625000 0.250000
vt 0.375000 0.500000
vt 0.625000 0.500000
vt 0.375000 0.750000
vt 0.625000 0.750000
vt 0.375000 1.000000
vt 0.125000 0.750000
vt 0.125000 0.500000
vt 0.875000 0.500000
vt 0.625000 1.000000
vt 0.875000 0.750000
vn -0.7422 0.0000 -0.6702
vn 0.6702 0.0000 -0.7422
vn 0.7422 0.0000 0.6702
vn -0.6702 0.0000 0.7422
vn 0.0000 -1.0000 0.0000
vn 0.0000 1.0000 -0.0000
s off
f 10/15/7 11/16/7 9/17/7
f 12/18/8 15/19/8 11/16/8
f 16/20/9 13/21/9 15/19/9
f 14/22/10 9/23/10 13/21/10
f 15/19/11 9/24/11 11/25/11
f 12/26/12 14/22/12 16/20/12
f 10/15/7 12/18/7 11/16/7
f 12/18/8 16/20/8 15/19/8
f 16/20/9 14/22/9 13/21/9
f 14/22/10 10/27/10 9/23/10
f 15/19/11 13/21/11 9/24/11
f 12/26/12 10/28/12 14/22/12
o Cube.025_Cube.122
v 1.748441 0.226178 -2.616645
v 1.748441 0.398842 -2.616645
v 2.172734 0.226178 -3.094382
v 2.172734 0.398842 -3.094382
v 2.627846 0.226178 -1.835618
v 2.627846 0.398842 -1.835618
v 3.052139 0.226178 -2.313355
v 3.052139 0.398842 -2.313355
vt 0.625000 0.000000
vt 0.375000 0.250000
vt 0.375000 0.000000
vt 0.625000 0.250000
vt 0.375000 0.500000
vt 0.625000 0.500000
vt 0.375000 0.750000
vt 0.625000 0.750000
vt 0.375000 1.000000
vt 0.125000 0.750000
vt 0.125000 0.500000
vt 0.875000 0.500000
vt 0.625000 1.000000
vt 0.875000 0.750000
vn -0.7477 0.0000 -0.6640
vn 0.6640 0.0000 -0.7477
vn 0.7477 0.0000 0.6640
vn -0.6640 0.0000 0.7477
vn 0.0000 -1.0000 -0.0000
vn 0.0000 1.0000 0.0000
s off
f 18/29/13 19/30/13 17/31/13
f 20/32/14 23/33/14 19/30/14
f 24/34/15 21/35/15 23/33/15
f 22/36/16 17/37/16 21/35/16
f 23/33/17 17/38/17 19/39/17
f 20/40/18 22/36/18 24/34/18
f 18/29/13 20/32/13 19/30/13
f 20/32/14 24/34/14 23/33/14
f 24/34/15 22/36/15 21/35/15
f 22/36/16 18/41/16 17/37/16
f 23/33/17 21/35/17 17/38/17
f 20/40/18 18/42/18 22/36/18
o Cube.028_Cube.123
v 1.702941 -0.757340 -2.627445
v 1.702941 -0.584676 -2.627445
v 2.127234 -0.757340 -3.105182
v 2.127234 -0.584676 -3.105182
v 2.582345 -0.757340 -1.846418
v 2.582345 -0.584676 -1.846418
v 3.006639 -0.757340 -2.324155
v 3.006639 -0.584676 -2.324155
vt 0.625000 0.000000
vt 0.375000 0.250000
vt 0.375000 0.000000
vt 0.625000 0.250000
vt 0.375000 0.500000
vt 0.625000 0.500000
vt 0.375000 0.750000
vt 0.625000 0.750000
vt 0.375000 1.000000
vt 0.125000 0.750000
vt 0.125000 0.500000
vt 0.875000 0.500000
vt 0.625000 1.000000
vt 0.875000 0.750000
vn -0.7477 0.0000 -0.6640
vn 0.6640 0.0000 -0.7477
vn 0.7477 0.0000 0.6640
vn -0.6640 0.0000 0.7477
vn 0.0000 -1.0000 0.0000
vn 0.0000 1.0000 -0.0000
s off
f 26/43/19 27/44/19 25/45/19
f 28/46/20 31/47/20 27/44/20
f 32/48/21 29/49/21 31/47/21
f 30/50/22 25/51/22 29/49/22
f 31/47/23 25/52/23 27/53/23
f 28/54/24 30/50/24 32/48/24
f 26/43/19 28/46/19 27/44/19
f 28/46/20 32/48/20 31/47/20
f 32/48/21 30/50/21 29/49/21
f 30/50/22 26/55/22 25/51/22
f 31/47/23 29/49/23 25/52/23
f 28/54/24 26/56/24 30/50/24
